0 처음1
20 20 
4 4 4 4 4 4 4 4 4 4 4 4 4 4 4 4 4 4 4 4 
4 4 4 4 4 4 4 4 4 4 4 4 4 4 4 4 4 4 4 4 
4 4 4 4 4 4 4 4 4 4 4 4 4 4 4 4 4 4 4 4 
4 4 4 4 4 4 4 4 4 4 4 4 4 4 4 4 4 4 4 4 
4 4 4 4 4 4 4 4 4 4 4 4 4 4 4 4 4 4 4 4 
4 4 4 4 4 4 4 4 4 4 4 4 4 4 4 4 4 4 4 4 
4 4 4 4 4 4 4 4 4 4 4 4 4 4 4 4 4 4 4 4 
4 4 4 4 4 4 4 4 4 4 4 4 4 4 4 4 4 4 4 4 
4 4 4 4 4 4 4 4 0 0 0 4 4 4 4 4 4 4 4 4 
4 4 4 4 4 4 4 4 0 1 0 4 4 4 4 4 4 4 4 4 
4 4 4 4 4 4 4 4 0 0 0 4 4 4 4 4 4 4 4 4 
4 4 4 4 4 4 4 4 4 4 4 4 4 4 4 4 4 4 4 4 
4 4 4 4 4 4 4 4 4 4 4 4 4 4 4 4 4 4 4 4 
4 4 4 4 4 4 4 4 4 4 4 4 4 4 4 4 4 4 4 4 
4 4 4 4 4 4 4 4 4 4 4 4 4 4 4 4 4 4 4 4 
4 4 4 4 4 4 4 4 4 4 4 4 4 4 4 4 4 4 4 4 
4 4 4 4 4 4 4 4 4 4 4 4 4 4 4 4 4 4 4 4 
4 4 4 4 4 4 4 4 4 4 4 4 4 4 4 4 4 4 4 4 
4 4 4 4 4 4 4 4 4 4 4 4 4 4 4 4 4 4 4 4 
4 4 4 4 4 4 4 4 4 4 4 4 4 4 4 4 4 4 4 4 
1 처음2
20 20 
4 4 4 4 4 4 4 4 4 4 4 4 4 4 4 4 4 4 4 4 
4 4 4 4 4 4 4 4 4 4 4 4 4 4 4 4 4 4 4 4 
4 4 4 4 4 4 4 4 4 4 4 4 4 4 4 4 4 4 4 4 
4 4 4 4 4 4 4 4 4 4 4 4 4 4 4 4 4 4 4 4 
4 4 4 4 4 4 4 4 4 4 4 4 4 4 4 4 4 4 4 4 
4 4 4 4 4 4 4 4 4 4 4 4 4 4 4 4 4 4 4 4 
4 4 4 4 4 4 4 4 4 4 4 4 4 4 4 4 4 4 4 4 
4 4 4 4 4 4 4 4 4 4 4 4 4 4 4 4 4 4 4 4 
4 4 4 4 4 4 4 4 1 1 1 4 4 4 4 4 4 4 4 4 
4 4 4 4 4 4 4 4 0 0 0 4 4 4 4 4 4 4 4 4 
4 4 4 4 4 4 4 4 0 0 0 4 4 4 4 4 4 4 4 4 
4 4 4 4 4 4 4 4 4 4 4 4 4 4 4 4 4 4 4 4 
4 4 4 4 4 4 4 4 4 4 4 4 4 4 4 4 4 4 4 4 
4 4 4 4 4 4 4 4 4 4 4 4 4 4 4 4 4 4 4 4 
4 4 4 4 4 4 4 4 4 4 4 4 4 4 4 4 4 4 4 4 
4 4 4 4 4 4 4 4 4 4 4 4 4 4 4 4 4 4 4 4 
4 4 4 4 4 4 4 4 4 4 4 4 4 4 4 4 4 4 4 4 
4 4 4 4 4 4 4 4 4 4 4 4 4 4 4 4 4 4 4 4 
4 4 4 4 4 4 4 4 4 4 4 4 4 4 4 4 4 4 4 4 
4 4 4 4 4 4 4 4 4 4 4 4 4 4 4 4 4 4 4 4 
2 처음3
20 20 
4 4 4 4 4 4 4 4 4 4 4 4 4 4 4 4 4 4 4 4 
4 4 4 4 4 4 4 4 4 4 4 4 4 4 4 4 4 4 4 4 
4 4 4 4 4 4 4 4 4 4 4 4 4 4 4 4 4 4 4 4 
4 4 4 4 4 4 4 4 4 4 4 4 4 4 4 4 4 4 4 4 
4 4 4 4 4 4 4 4 4 4 4 4 4 4 4 4 4 4 4 4 
4 4 4 4 4 4 4 4 4 4 4 4 4 4 4 4 4 4 4 4 
4 4 4 4 4 4 4 4 4 4 4 4 4 4 4 4 4 4 4 4 
4 4 4 4 4 4 4 4 4 4 4 4 4 4 4 4 4 4 4 4 
4 4 4 4 4 4 4 4 1 1 1 4 4 4 4 4 4 4 4 4 
4 4 4 4 4 4 4 4 0 1 0 4 4 4 4 4 4 4 4 4 
4 4 4 4 4 4 4 4 1 1 1 4 4 4 4 4 4 4 4 4 
4 4 4 4 4 4 4 4 4 4 4 4 4 4 4 4 4 4 4 4 
4 4 4 4 4 4 4 4 4 4 4 4 4 4 4 4 4 4 4 4 
4 4 4 4 4 4 4 4 4 4 4 4 4 4 4 4 4 4 4 4 
4 4 4 4 4 4 4 4 4 4 4 4 4 4 4 4 4 4 4 4 
4 4 4 4 4 4 4 4 4 4 4 4 4 4 4 4 4 4 4 4 
4 4 4 4 4 4 4 4 4 4 4 4 4 4 4 4 4 4 4 4 
4 4 4 4 4 4 4 4 4 4 4 4 4 4 4 4 4 4 4 4 
4 4 4 4 4 4 4 4 4 4 4 4 4 4 4 4 4 4 4 4 
4 4 4 4 4 4 4 4 4 4 4 4 4 4 4 4 4 4 4 4 
3 처음4
20 20 
4 4 4 4 4 4 4 4 4 4 4 4 4 4 4 4 4 4 4 4 
4 4 4 4 4 4 4 4 4 4 4 4 4 4 4 4 4 4 4 4 
4 4 4 4 4 4 4 4 4 4 4 4 4 4 4 4 4 4 4 4 
4 4 4 4 4 4 4 4 4 4 4 4 4 4 4 4 4 4 4 4 
4 4 4 4 4 4 4 4 4 4 4 4 4 4 4 4 4 4 4 4 
4 4 4 4 4 4 4 4 4 4 4 4 4 4 4 4 4 4 4 4 
4 4 4 4 4 4 4 4 4 4 4 4 4 4 4 4 4 4 4 4 
4 4 4 4 4 4 4 4 4 4 4 4 4 4 4 4 4 4 4 4 
4 4 4 4 4 4 4 4 1 1 1 4 4 4 4 4 4 4 4 4 
4 4 4 4 4 4 4 4 1 0 1 4 4 4 4 4 4 4 4 4 
4 4 4 4 4 4 4 4 1 1 1 4 4 4 4 4 4 4 4 4 
4 4 4 4 4 4 4 4 4 4 4 4 4 4 4 4 4 4 4 4 
4 4 4 4 4 4 4 4 4 4 4 4 4 4 4 4 4 4 4 4 
4 4 4 4 4 4 4 4 4 4 4 4 4 4 4 4 4 4 4 4 
4 4 4 4 4 4 4 4 4 4 4 4 4 4 4 4 4 4 4 4 
4 4 4 4 4 4 4 4 4 4 4 4 4 4 4 4 4 4 4 4 
4 4 4 4 4 4 4 4 4 4 4 4 4 4 4 4 4 4 4 4 
4 4 4 4 4 4 4 4 4 4 4 4 4 4 4 4 4 4 4 4 
4 4 4 4 4 4 4 4 4 4 4 4 4 4 4 4 4 4 4 4 
4 4 4 4 4 4 4 4 4 4 4 4 4 4 4 4 4 4 4 4 
4 처음5
20 20 
4 4 4 4 4 4 4 4 4 4 4 4 4 4 4 4 4 4 4 4 
4 4 4 4 4 4 4 4 4 4 4 4 4 4 4 4 4 4 4 4 
4 4 4 4 4 4 4 4 4 4 4 4 4 4 4 4 4 4 4 4 
4 4 4 4 4 4 4 4 4 4 4 4 4 4 4 4 4 4 4 4 
4 4 4 4 4 4 4 4 4 4 4 4 4 4 4 4 4 4 4 4 
4 4 4 4 4 4 4 4 4 4 4 4 4 4 4 4 4 4 4 4 
4 4 4 4 4 4 4 4 4 4 4 4 4 4 4 4 4 4 4 4 
4 4 4 4 4 4 4 4 4 4 4 4 4 4 4 4 4 4 4 4 
4 4 4 4 4 4 4 4 1 0 1 4 4 4 4 4 4 4 4 4 
4 4 4 4 4 4 4 4 0 0 0 4 4 4 4 4 4 4 4 4 
4 4 4 4 4 4 4 4 1 0 1 4 4 4 4 4 4 4 4 4 
4 4 4 4 4 4 4 4 4 4 4 4 4 4 4 4 4 4 4 4 
4 4 4 4 4 4 4 4 4 4 4 4 4 4 4 4 4 4 4 4 
4 4 4 4 4 4 4 4 4 4 4 4 4 4 4 4 4 4 4 4 
4 4 4 4 4 4 4 4 4 4 4 4 4 4 4 4 4 4 4 4 
4 4 4 4 4 4 4 4 4 4 4 4 4 4 4 4 4 4 4 4 
4 4 4 4 4 4 4 4 4 4 4 4 4 4 4 4 4 4 4 4 
4 4 4 4 4 4 4 4 4 4 4 4 4 4 4 4 4 4 4 4 
4 4 4 4 4 4 4 4 4 4 4 4 4 4 4 4 4 4 4 4 
4 4 4 4 4 4 4 4 4 4 4 4 4 4 4 4 4 4 4 4 
5 처음6
20 20 
4 4 4 4 4 4 4 4 4 4 4 4 4 4 4 4 4 4 4 4 
4 4 4 4 4 4 4 4 4 4 4 4 4 4 4 4 4 4 4 4 
4 4 4 4 4 4 4 4 4 4 4 4 4 4 4 4 4 4 4 4 
4 4 4 4 4 4 4 4 4 4 4 4 4 4 4 4 4 4 4 4 
4 4 4 4 4 4 4 4 4 4 4 4 4 4 4 4 4 4 4 4 
4 4 4 4 4 4 4 4 4 4 4 4 4 4 4 4 4 4 4 4 
4 4 4 4 4 4 4 4 4 4 4 4 4 4 4 4 4 4 4 4 
4 4 4 4 4 4 4 4 4 4 4 4 4 4 4 4 4 4 4 4 
4 4 4 4 4 4 4 4 1 0 0 4 4 4 4 4 4 4 4 4 
4 4 4 4 4 4 4 4 0 1 0 4 4 4 4 4 4 4 4 4 
4 4 4 4 4 4 4 4 0 0 1 4 4 4 4 4 4 4 4 4 
4 4 4 4 4 4 4 4 4 4 4 4 4 4 4 4 4 4 4 4 
4 4 4 4 4 4 4 4 4 4 4 4 4 4 4 4 4 4 4 4 
4 4 4 4 4 4 4 4 4 4 4 4 4 4 4 4 4 4 4 4 
4 4 4 4 4 4 4 4 4 4 4 4 4 4 4 4 4 4 4 4 
4 4 4 4 4 4 4 4 4 4 4 4 4 4 4 4 4 4 4 4 
4 4 4 4 4 4 4 4 4 4 4 4 4 4 4 4 4 4 4 4 
4 4 4 4 4 4 4 4 4 4 4 4 4 4 4 4 4 4 4 4 
4 4 4 4 4 4 4 4 4 4 4 4 4 4 4 4 4 4 4 4 
4 4 4 4 4 4 4 4 4 4 4 4 4 4 4 4 4 4 4 4 
6 처음7
20 20 
4 4 4 4 4 4 4 4 4 4 4 4 4 4 4 4 4 4 4 4 
4 4 4 4 4 4 4 4 4 4 4 4 4 4 4 4 4 4 4 4 
4 4 4 4 4 4 4 4 4 4 4 4 4 4 4 4 4 4 4 4 
4 4 4 4 4 4 4 4 4 4 4 4 4 4 4 4 4 4 4 4 
4 4 4 4 4 4 4 4 4 4 4 4 4 4 4 4 4 4 4 4 
4 4 4 4 4 4 4 4 4 4 4 4 4 4 4 4 4 4 4 4 
4 4 4 4 4 4 4 4 4 4 4 4 4 4 4 4 4 4 4 4 
4 4 4 4 4 4 4 4 4 4 4 4 4 4 4 4 4 4 4 4 
4 4 4 4 4 4 4 4 1 1 1 4 4 4 4 4 4 4 4 4 
4 4 4 4 4 4 4 4 0 1 1 4 4 4 4 4 4 4 4 4 
4 4 4 4 4 4 4 4 1 0 1 4 4 4 4 4 4 4 4 4 
4 4 4 4 4 4 4 4 4 4 4 4 4 4 4 4 4 4 4 4 
4 4 4 4 4 4 4 4 4 4 4 4 4 4 4 4 4 4 4 4 
4 4 4 4 4 4 4 4 4 4 4 4 4 4 4 4 4 4 4 4 
4 4 4 4 4 4 4 4 4 4 4 4 4 4 4 4 4 4 4 4 
4 4 4 4 4 4 4 4 4 4 4 4 4 4 4 4 4 4 4 4 
4 4 4 4 4 4 4 4 4 4 4 4 4 4 4 4 4 4 4 4 
4 4 4 4 4 4 4 4 4 4 4 4 4 4 4 4 4 4 4 4 
4 4 4 4 4 4 4 4 4 4 4 4 4 4 4 4 4 4 4 4 
4 4 4 4 4 4 4 4 4 4 4 4 4 4 4 4 4 4 4 4 
7 처음8
20 20 
4 4 4 4 4 4 4 4 4 4 4 4 4 4 4 4 4 4 4 4 
4 4 4 4 4 4 4 4 4 4 4 4 4 4 4 4 4 4 4 4 
4 4 4 4 4 4 4 4 4 4 4 4 4 4 4 4 4 4 4 4 
4 4 4 4 4 4 4 4 4 4 4 4 4 4 4 4 4 4 4 4 
4 4 4 4 4 4 4 4 4 4 4 4 4 4 4 4 4 4 4 4 
4 4 4 4 4 4 4 4 4 4 4 4 4 4 4 4 4 4 4 4 
4 4 4 4 4 4 4 4 4 4 4 4 4 4 4 4 4 4 4 4 
4 4 4 4 4 4 4 4 4 4 4 4 4 4 4 4 4 4 4 4 
4 4 4 4 4 4 4 4 0 1 0 4 4 4 4 4 4 4 4 4 
4 4 4 4 4 4 4 4 1 1 1 4 4 4 4 4 4 4 4 4 
4 4 4 4 4 4 4 4 0 1 0 4 4 4 4 4 4 4 4 4 
4 4 4 4 4 4 4 4 4 4 4 4 4 4 4 4 4 4 4 4 
4 4 4 4 4 4 4 4 4 4 4 4 4 4 4 4 4 4 4 4 
4 4 4 4 4 4 4 4 4 4 4 4 4 4 4 4 4 4 4 4 
4 4 4 4 4 4 4 4 4 4 4 4 4 4 4 4 4 4 4 4 
4 4 4 4 4 4 4 4 4 4 4 4 4 4 4 4 4 4 4 4 
4 4 4 4 4 4 4 4 4 4 4 4 4 4 4 4 4 4 4 4 
4 4 4 4 4 4 4 4 4 4 4 4 4 4 4 4 4 4 4 4 
4 4 4 4 4 4 4 4 4 4 4 4 4 4 4 4 4 4 4 4 
4 4 4 4 4 4 4 4 4 4 4 4 4 4 4 4 4 4 4 4 
8 처음9
20 20 
4 4 4 4 4 4 4 4 4 4 4 4 4 4 4 4 4 4 4 4 
4 4 4 4 4 4 4 4 4 4 4 4 4 4 4 4 4 4 4 4 
4 4 4 4 4 4 4 4 4 4 4 4 4 4 4 4 4 4 4 4 
4 4 4 4 4 4 4 4 4 4 4 4 4 4 4 4 4 4 4 4 
4 4 4 4 4 4 4 4 4 4 4 4 4 4 4 4 4 4 4 4 
4 4 4 4 4 4 4 4 4 4 4 4 4 4 4 4 4 4 4 4 
4 4 4 4 4 4 4 4 4 4 4 4 4 4 4 4 4 4 4 4 
4 4 4 4 4 4 4 4 4 4 4 4 4 4 4 4 4 4 4 4 
4 4 4 4 4 4 4 4 1 1 1 4 4 4 4 4 4 4 4 4 
4 4 4 4 4 4 4 4 0 1 0 4 4 4 4 4 4 4 4 4 
4 4 4 4 4 4 4 4 1 1 1 4 4 4 4 4 4 4 4 4 
4 4 4 4 4 4 4 4 4 4 4 4 4 4 4 4 4 4 4 4 
4 4 4 4 4 4 4 4 4 4 4 4 4 4 4 4 4 4 4 4 
4 4 4 4 4 4 4 4 4 4 4 4 4 4 4 4 4 4 4 4 
4 4 4 4 4 4 4 4 4 4 4 4 4 4 4 4 4 4 4 4 
4 4 4 4 4 4 4 4 4 4 4 4 4 4 4 4 4 4 4 4 
4 4 4 4 4 4 4 4 4 4 4 4 4 4 4 4 4 4 4 4 
4 4 4 4 4 4 4 4 4 4 4 4 4 4 4 4 4 4 4 4 
4 4 4 4 4 4 4 4 4 4 4 4 4 4 4 4 4 4 4 4 
4 4 4 4 4 4 4 4 4 4 4 4 4 4 4 4 4 4 4 4 
9 처음10
20 20 
4 4 4 4 4 4 4 4 4 4 4 4 4 4 4 4 4 4 4 4 
4 4 4 4 4 4 4 4 4 4 4 4 4 4 4 4 4 4 4 4 
4 4 4 4 4 4 4 4 4 4 4 4 4 4 4 4 4 4 4 4 
4 4 4 4 4 4 4 4 4 4 4 4 4 4 4 4 4 4 4 4 
4 4 4 4 4 4 4 4 4 4 4 4 4 4 4 4 4 4 4 4 
4 4 4 4 4 4 4 4 4 4 4 4 4 4 4 4 4 4 4 4 
4 4 4 4 4 4 4 4 4 4 4 4 4 4 4 4 4 4 4 4 
4 4 4 4 4 4 4 4 4 4 4 4 4 4 4 4 4 4 4 4 
4 4 4 4 4 4 4 4 0 1 1 4 4 4 4 4 4 4 4 4 
4 4 4 4 4 4 4 4 1 0 0 4 4 4 4 4 4 4 4 4 
4 4 4 4 4 4 4 4 1 0 1 4 4 4 4 4 4 4 4 4 
4 4 4 4 4 4 4 4 4 4 4 4 4 4 4 4 4 4 4 4 
4 4 4 4 4 4 4 4 4 4 4 4 4 4 4 4 4 4 4 4 
4 4 4 4 4 4 4 4 4 4 4 4 4 4 4 4 4 4 4 4 
4 4 4 4 4 4 4 4 4 4 4 4 4 4 4 4 4 4 4 4 
4 4 4 4 4 4 4 4 4 4 4 4 4 4 4 4 4 4 4 4 
4 4 4 4 4 4 4 4 4 4 4 4 4 4 4 4 4 4 4 4 
4 4 4 4 4 4 4 4 4 4 4 4 4 4 4 4 4 4 4 4 
4 4 4 4 4 4 4 4 4 4 4 4 4 4 4 4 4 4 4 4 
4 4 4 4 4 4 4 4 4 4 4 4 4 4 4 4 4 4 4 4 
10 티
20 20 
4 4 4 4 4 4 4 4 4 4 4 4 4 4 4 4 4 4 4 4 
4 4 4 4 4 4 4 4 4 4 4 4 4 4 4 4 4 4 4 4 
4 4 4 4 4 4 4 4 4 4 4 4 4 4 4 4 4 4 4 4 
4 4 4 4 4 4 4 4 4 4 4 4 4 4 4 4 4 4 4 4 
4 4 4 4 4 4 4 4 4 4 4 4 4 4 4 4 4 4 4 4 
4 4 4 4 4 4 4 4 4 4 4 4 4 4 4 4 4 4 4 4 
4 4 4 4 4 4 4 4 4 4 4 4 4 4 4 4 4 4 4 4 
4 4 4 4 4 4 4 1 1 1 1 1 4 4 4 4 4 4 4 4 
4 4 4 4 4 4 4 0 0 1 0 0 4 4 4 4 4 4 4 4 
4 4 4 4 4 4 4 0 0 1 0 0 4 4 4 4 4 4 4 4 
4 4 4 4 4 4 4 0 0 1 0 0 4 4 4 4 4 4 4 4 
4 4 4 4 4 4 4 0 0 1 0 0 4 4 4 4 4 4 4 4 
4 4 4 4 4 4 4 4 4 4 4 4 4 4 4 4 4 4 4 4 
4 4 4 4 4 4 4 4 4 4 4 4 4 4 4 4 4 4 4 4 
4 4 4 4 4 4 4 4 4 4 4 4 4 4 4 4 4 4 4 4 
4 4 4 4 4 4 4 4 4 4 4 4 4 4 4 4 4 4 4 4 
4 4 4 4 4 4 4 4 4 4 4 4 4 4 4 4 4 4 4 4 
4 4 4 4 4 4 4 4 4 4 4 4 4 4 4 4 4 4 4 4 
4 4 4 4 4 4 4 4 4 4 4 4 4 4 4 4 4 4 4 4 
4 4 4 4 4 4 4 4 4 4 4 4 4 4 4 4 4 4 4 4 
11 네모
20 20 
4 4 4 4 4 4 4 4 4 4 4 4 4 4 4 4 4 4 4 4 
4 4 4 4 4 4 4 4 4 4 4 4 4 4 4 4 4 4 4 4 
4 4 4 4 4 4 4 4 4 4 4 4 4 4 4 4 4 4 4 4 
4 4 4 4 4 4 4 4 4 4 4 4 4 4 4 4 4 4 4 4 
4 4 4 4 4 4 4 4 4 4 4 4 4 4 4 4 4 4 4 4 
4 4 4 4 4 4 4 4 4 4 4 4 4 4 4 4 4 4 4 4 
4 4 4 4 4 4 4 4 4 4 4 4 4 4 4 4 4 4 4 4 
4 4 4 4 4 4 4 1 1 1 1 1 4 4 4 4 4 4 4 4 
4 4 4 4 4 4 4 1 0 0 0 1 4 4 4 4 4 4 4 4 
4 4 4 4 4 4 4 1 0 0 0 1 4 4 4 4 4 4 4 4 
4 4 4 4 4 4 4 1 0 0 0 1 4 4 4 4 4 4 4 4 
4 4 4 4 4 4 4 1 1 1 1 1 4 4 4 4 4 4 4 4 
4 4 4 4 4 4 4 4 4 4 4 4 4 4 4 4 4 4 4 4 
4 4 4 4 4 4 4 4 4 4 4 4 4 4 4 4 4 4 4 4 
4 4 4 4 4 4 4 4 4 4 4 4 4 4 4 4 4 4 4 4 
4 4 4 4 4 4 4 4 4 4 4 4 4 4 4 4 4 4 4 4 
4 4 4 4 4 4 4 4 4 4 4 4 4 4 4 4 4 4 4 4 
4 4 4 4 4 4 4 4 4 4 4 4 4 4 4 4 4 4 4 4 
4 4 4 4 4 4 4 4 4 4 4 4 4 4 4 4 4 4 4 4 
4 4 4 4 4 4 4 4 4 4 4 4 4 4 4 4 4 4 4 4 
12 중심
20 20 
4 4 4 4 4 4 4 4 4 4 4 4 4 4 4 4 4 4 4 4 
4 4 4 4 4 4 4 4 4 4 4 4 4 4 4 4 4 4 4 4 
4 4 4 4 4 4 4 4 4 4 4 4 4 4 4 4 4 4 4 4 
4 4 4 4 4 4 4 4 4 4 4 4 4 4 4 4 4 4 4 4 
4 4 4 4 4 4 4 4 4 4 4 4 4 4 4 4 4 4 4 4 
4 4 4 4 4 4 4 4 4 4 4 4 4 4 4 4 4 4 4 4 
4 4 4 4 4 4 4 4 4 4 4 4 4 4 4 4 4 4 4 4 
4 4 4 4 4 4 4 0 1 0 1 0 4 4 4 4 4 4 4 4 
4 4 4 4 4 4 4 1 0 0 0 1 4 4 4 4 4 4 4 4 
4 4 4 4 4 4 4 0 0 1 0 0 4 4 4 4 4 4 4 4 
4 4 4 4 4 4 4 1 0 0 0 1 4 4 4 4 4 4 4 4 
4 4 4 4 4 4 4 0 1 0 1 0 4 4 4 4 4 4 4 4 
4 4 4 4 4 4 4 4 4 4 4 4 4 4 4 4 4 4 4 4 
4 4 4 4 4 4 4 4 4 4 4 4 4 4 4 4 4 4 4 4 
4 4 4 4 4 4 4 4 4 4 4 4 4 4 4 4 4 4 4 4 
4 4 4 4 4 4 4 4 4 4 4 4 4 4 4 4 4 4 4 4 
4 4 4 4 4 4 4 4 4 4 4 4 4 4 4 4 4 4 4 4 
4 4 4 4 4 4 4 4 4 4 4 4 4 4 4 4 4 4 4 4 
4 4 4 4 4 4 4 4 4 4 4 4 4 4 4 4 4 4 4 4 
4 4 4 4 4 4 4 4 4 4 4 4 4 4 4 4 4 4 4 4 
13 우산
20 20 
4 4 4 4 4 4 4 4 4 4 4 4 4 4 4 4 4 4 4 4 
4 4 4 4 4 4 4 4 4 4 4 4 4 4 4 4 4 4 4 4 
4 4 4 4 4 4 4 4 4 4 4 4 4 4 4 4 4 4 4 4 
4 4 4 4 4 4 4 4 4 4 4 4 4 4 4 4 4 4 4 4 
4 4 4 4 4 4 4 4 4 4 4 4 4 4 4 4 4 4 4 4 
4 4 4 4 4 4 4 4 4 4 4 4 4 4 4 4 4 4 4 4 
4 4 4 4 4 4 4 4 4 4 4 4 4 4 4 4 4 4 4 4 
4 4 4 4 4 4 4 1 0 0 0 1 4 4 4 4 4 4 4 4 
4 4 4 4 4 4 4 0 0 0 0 0 4 4 4 4 4 4 4 4 
4 4 4 4 4 4 4 1 1 0 1 1 4 4 4 4 4 4 4 4 
4 4 4 4 4 4 4 1 1 0 1 1 4 4 4 4 4 4 4 4 
4 4 4 4 4 4 4 1 0 0 1 1 4 4 4 4 4 4 4 4 
4 4 4 4 4 4 4 4 4 4 4 4 4 4 4 4 4 4 4 4 
4 4 4 4 4 4 4 4 4 4 4 4 4 4 4 4 4 4 4 4 
4 4 4 4 4 4 4 4 4 4 4 4 4 4 4 4 4 4 4 4 
4 4 4 4 4 4 4 4 4 4 4 4 4 4 4 4 4 4 4 4 
4 4 4 4 4 4 4 4 4 4 4 4 4 4 4 4 4 4 4 4 
4 4 4 4 4 4 4 4 4 4 4 4 4 4 4 4 4 4 4 4 
4 4 4 4 4 4 4 4 4 4 4 4 4 4 4 4 4 4 4 4 
4 4 4 4 4 4 4 4 4 4 4 4 4 4 4 4 4 4 4 4 
14 영
20 20 
4 4 4 4 4 4 4 4 4 4 4 4 4 4 4 4 4 4 4 4 
4 4 4 4 4 4 4 4 4 4 4 4 4 4 4 4 4 4 4 4 
4 4 4 4 4 4 4 4 4 4 4 4 4 4 4 4 4 4 4 4 
4 4 4 4 4 4 4 4 4 4 4 4 4 4 4 4 4 4 4 4 
4 4 4 4 4 4 4 4 4 4 4 4 4 4 4 4 4 4 4 4 
4 4 4 4 4 4 4 4 4 4 4 4 4 4 4 4 4 4 4 4 
4 4 4 4 4 4 4 4 4 4 4 4 4 4 4 4 4 4 4 4 
4 4 4 4 4 4 4 0 1 1 1 0 4 4 4 4 4 4 4 4 
4 4 4 4 4 4 4 1 1 0 1 1 4 4 4 4 4 4 4 4 
4 4 4 4 4 4 4 1 1 0 1 1 4 4 4 4 4 4 4 4 
4 4 4 4 4 4 4 1 1 0 1 1 4 4 4 4 4 4 4 4 
4 4 4 4 4 4 4 0 1 1 1 0 4 4 4 4 4 4 4 4 
4 4 4 4 4 4 4 4 4 4 4 4 4 4 4 4 4 4 4 4 
4 4 4 4 4 4 4 4 4 4 4 4 4 4 4 4 4 4 4 4 
4 4 4 4 4 4 4 4 4 4 4 4 4 4 4 4 4 4 4 4 
4 4 4 4 4 4 4 4 4 4 4 4 4 4 4 4 4 4 4 4 
4 4 4 4 4 4 4 4 4 4 4 4 4 4 4 4 4 4 4 4 
4 4 4 4 4 4 4 4 4 4 4 4 4 4 4 4 4 4 4 4 
4 4 4 4 4 4 4 4 4 4 4 4 4 4 4 4 4 4 4 4 
4 4 4 4 4 4 4 4 4 4 4 4 4 4 4 4 4 4 4 4 
15 고리
20 20 
4 4 4 4 4 4 4 4 4 4 4 4 4 4 4 4 4 4 4 4 
4 4 4 4 4 4 4 4 4 4 4 4 4 4 4 4 4 4 4 4 
4 4 4 4 4 4 4 4 4 4 4 4 4 4 4 4 4 4 4 4 
4 4 4 4 4 4 4 4 4 4 4 4 4 4 4 4 4 4 4 4 
4 4 4 4 4 4 4 4 4 4 4 4 4 4 4 4 4 4 4 4 
4 4 4 4 4 4 4 4 4 4 4 4 4 4 4 4 4 4 4 4 
4 4 4 4 4 4 4 4 4 4 4 4 4 4 4 4 4 4 4 4 
4 4 4 4 4 4 4 1 1 1 0 0 4 4 4 4 4 4 4 4 
4 4 4 4 4 4 4 1 0 0 1 0 4 4 4 4 4 4 4 4 
4 4 4 4 4 4 4 1 1 1 1 0 4 4 4 4 4 4 4 4 
4 4 4 4 4 4 4 1 0 0 1 0 4 4 4 4 4 4 4 4 
4 4 4 4 4 4 4 0 1 1 1 0 4 4 4 4 4 4 4 4 
4 4 4 4 4 4 4 4 4 4 4 4 4 4 4 4 4 4 4 4 
4 4 4 4 4 4 4 4 4 4 4 4 4 4 4 4 4 4 4 4 
4 4 4 4 4 4 4 4 4 4 4 4 4 4 4 4 4 4 4 4 
4 4 4 4 4 4 4 4 4 4 4 4 4 4 4 4 4 4 4 4 
4 4 4 4 4 4 4 4 4 4 4 4 4 4 4 4 4 4 4 4 
4 4 4 4 4 4 4 4 4 4 4 4 4 4 4 4 4 4 4 4 
4 4 4 4 4 4 4 4 4 4 4 4 4 4 4 4 4 4 4 4 
4 4 4 4 4 4 4 4 4 4 4 4 4 4 4 4 4 4 4 4 
16 달러
20 20 
4 4 4 4 4 4 4 4 4 4 4 4 4 4 4 4 4 4 4 4 
4 4 4 4 4 4 4 4 4 4 4 4 4 4 4 4 4 4 4 4 
4 4 4 4 4 4 4 4 4 4 4 4 4 4 4 4 4 4 4 4 
4 4 4 4 4 4 4 4 4 4 4 4 4 4 4 4 4 4 4 4 
4 4 4 4 4 4 4 4 4 4 4 4 4 4 4 4 4 4 4 4 
4 4 4 4 4 4 4 4 4 4 4 4 4 4 4 4 4 4 4 4 
4 4 4 4 4 4 4 4 4 4 4 4 4 4 4 4 4 4 4 4 
4 4 4 4 4 4 4 0 1 1 1 1 4 4 4 4 4 4 4 4 
4 4 4 4 4 4 4 1 0 1 0 0 4 4 4 4 4 4 4 4 
4 4 4 4 4 4 4 1 1 1 1 1 4 4 4 4 4 4 4 4 
4 4 4 4 4 4 4 0 0 1 0 1 4 4 4 4 4 4 4 4 
4 4 4 4 4 4 4 1 1 1 1 0 4 4 4 4 4 4 4 4 
4 4 4 4 4 4 4 4 4 4 4 4 4 4 4 4 4 4 4 4 
4 4 4 4 4 4 4 4 4 4 4 4 4 4 4 4 4 4 4 4 
4 4 4 4 4 4 4 4 4 4 4 4 4 4 4 4 4 4 4 4 
4 4 4 4 4 4 4 4 4 4 4 4 4 4 4 4 4 4 4 4 
4 4 4 4 4 4 4 4 4 4 4 4 4 4 4 4 4 4 4 4 
4 4 4 4 4 4 4 4 4 4 4 4 4 4 4 4 4 4 4 4 
4 4 4 4 4 4 4 4 4 4 4 4 4 4 4 4 4 4 4 4 
4 4 4 4 4 4 4 4 4 4 4 4 4 4 4 4 4 4 4 4 
17 팔방
20 20 
4 4 4 4 4 4 4 4 4 4 4 4 4 4 4 4 4 4 4 4 
4 4 4 4 4 4 4 4 4 4 4 4 4 4 4 4 4 4 4 4 
4 4 4 4 4 4 4 4 4 4 4 4 4 4 4 4 4 4 4 4 
4 4 4 4 4 4 4 4 4 4 4 4 4 4 4 4 4 4 4 4 
4 4 4 4 4 4 4 4 4 4 4 4 4 4 4 4 4 4 4 4 
4 4 4 4 4 4 4 4 4 4 4 4 4 4 4 4 4 4 4 4 
4 4 4 4 4 4 4 4 4 4 4 4 4 4 4 4 4 4 4 4 
4 4 4 4 4 4 4 1 0 1 0 1 4 4 4 4 4 4 4 4 
4 4 4 4 4 4 4 0 0 0 0 0 4 4 4 4 4 4 4 4 
4 4 4 4 4 4 4 1 0 0 0 1 4 4 4 4 4 4 4 4 
4 4 4 4 4 4 4 0 0 0 0 0 4 4 4 4 4 4 4 4 
4 4 4 4 4 4 4 1 0 1 0 1 4 4 4 4 4 4 4 4 
4 4 4 4 4 4 4 4 4 4 4 4 4 4 4 4 4 4 4 4 
4 4 4 4 4 4 4 4 4 4 4 4 4 4 4 4 4 4 4 4 
4 4 4 4 4 4 4 4 4 4 4 4 4 4 4 4 4 4 4 4 
4 4 4 4 4 4 4 4 4 4 4 4 4 4 4 4 4 4 4 4 
4 4 4 4 4 4 4 4 4 4 4 4 4 4 4 4 4 4 4 4 
4 4 4 4 4 4 4 4 4 4 4 4 4 4 4 4 4 4 4 4 
4 4 4 4 4 4 4 4 4 4 4 4 4 4 4 4 4 4 4 4 
4 4 4 4 4 4 4 4 4 4 4 4 4 4 4 4 4 4 4 4 
18 하강
20 20 
4 4 4 4 4 4 4 4 4 4 4 4 4 4 4 4 4 4 4 4 
4 4 4 4 4 4 4 4 4 4 4 4 4 4 4 4 4 4 4 4 
4 4 4 4 4 4 4 4 4 4 4 4 4 4 4 4 4 4 4 4 
4 4 4 4 4 4 4 4 4 4 4 4 4 4 4 4 4 4 4 4 
4 4 4 4 4 4 4 4 4 4 4 4 4 4 4 4 4 4 4 4 
4 4 4 4 4 4 4 4 4 4 4 4 4 4 4 4 4 4 4 4 
4 4 4 4 4 4 4 4 4 4 4 4 4 4 4 4 4 4 4 4 
4 4 4 4 4 4 4 0 1 0 0 1 4 4 4 4 4 4 4 4 
4 4 4 4 4 4 4 1 1 0 1 1 4 4 4 4 4 4 4 4 
4 4 4 4 4 4 4 0 0 1 1 0 4 4 4 4 4 4 4 4 
4 4 4 4 4 4 4 0 1 1 1 0 4 4 4 4 4 4 4 4 
4 4 4 4 4 4 4 1 1 0 0 1 4 4 4 4 4 4 4 4 
4 4 4 4 4 4 4 4 4 4 4 4 4 4 4 4 4 4 4 4 
4 4 4 4 4 4 4 4 4 4 4 4 4 4 4 4 4 4 4 4 
4 4 4 4 4 4 4 4 4 4 4 4 4 4 4 4 4 4 4 4 
4 4 4 4 4 4 4 4 4 4 4 4 4 4 4 4 4 4 4 4 
4 4 4 4 4 4 4 4 4 4 4 4 4 4 4 4 4 4 4 4 
4 4 4 4 4 4 4 4 4 4 4 4 4 4 4 4 4 4 4 4 
4 4 4 4 4 4 4 4 4 4 4 4 4 4 4 4 4 4 4 4 
4 4 4 4 4 4 4 4 4 4 4 4 4 4 4 4 4 4 4 4 
19 모
20 20 
4 4 4 4 4 4 4 4 4 4 4 4 4 4 4 4 4 4 4 4 
4 4 4 4 4 4 4 4 4 4 4 4 4 4 4 4 4 4 4 4 
4 4 4 4 4 4 4 4 4 4 4 4 4 4 4 4 4 4 4 4 
4 4 4 4 4 4 4 4 4 4 4 4 4 4 4 4 4 4 4 4 
4 4 4 4 4 4 4 4 4 4 4 4 4 4 4 4 4 4 4 4 
4 4 4 4 4 4 4 4 4 4 4 4 4 4 4 4 4 4 4 4 
4 4 4 4 4 4 4 4 4 4 4 4 4 4 4 4 4 4 4 4 
4 4 4 4 4 4 4 0 0 0 0 0 4 4 4 4 4 4 4 4 
4 4 4 4 4 4 4 0 1 1 1 0 4 4 4 4 4 4 4 4 
4 4 4 4 4 4 4 0 0 0 0 0 4 4 4 4 4 4 4 4 
4 4 4 4 4 4 4 1 1 0 1 1 4 4 4 4 4 4 4 4 
4 4 4 4 4 4 4 0 0 0 0 0 4 4 4 4 4 4 4 4 
4 4 4 4 4 4 4 4 4 4 4 4 4 4 4 4 4 4 4 4 
4 4 4 4 4 4 4 4 4 4 4 4 4 4 4 4 4 4 4 4 
4 4 4 4 4 4 4 4 4 4 4 4 4 4 4 4 4 4 4 4 
4 4 4 4 4 4 4 4 4 4 4 4 4 4 4 4 4 4 4 4 
4 4 4 4 4 4 4 4 4 4 4 4 4 4 4 4 4 4 4 4 
4 4 4 4 4 4 4 4 4 4 4 4 4 4 4 4 4 4 4 4 
4 4 4 4 4 4 4 4 4 4 4 4 4 4 4 4 4 4 4 4 
4 4 4 4 4 4 4 4 4 4 4 4 4 4 4 4 4 4 4 4 
20 웃음
20 20 
4 4 4 4 4 4 4 4 4 4 4 4 4 4 4 4 4 4 4 4 
4 4 4 4 4 4 4 4 4 4 4 4 4 4 4 4 4 4 4 4 
4 4 4 4 4 4 4 4 4 4 4 4 4 4 4 4 4 4 4 4 
4 4 4 4 4 4 4 4 4 4 4 4 4 4 4 4 4 4 4 4 
4 4 4 4 4 4 4 4 4 4 4 4 4 4 4 4 4 4 4 4 
4 4 4 4 4 4 4 4 4 4 4 4 4 4 4 4 4 4 4 4 
4 4 4 4 4 4 0 1 1 1 1 1 1 0 4 4 4 4 4 4 
4 4 4 4 4 4 1 0 0 0 0 0 0 1 4 4 4 4 4 4 
4 4 4 4 4 4 1 0 1 0 0 1 0 1 4 4 4 4 4 4 
4 4 4 4 4 4 1 0 0 0 0 0 0 1 4 4 4 4 4 4 
4 4 4 4 4 4 1 0 0 1 1 0 0 1 4 4 4 4 4 4 
4 4 4 4 4 4 1 1 0 0 0 0 1 1 4 4 4 4 4 4 
4 4 4 4 4 4 0 1 1 1 1 1 1 0 4 4 4 4 4 4 
4 4 4 4 4 4 1 1 0 0 0 0 1 1 4 4 4 4 4 4 
4 4 4 4 4 4 4 4 4 4 4 4 4 4 4 4 4 4 4 4 
4 4 4 4 4 4 4 4 4 4 4 4 4 4 4 4 4 4 4 4 
4 4 4 4 4 4 4 4 4 4 4 4 4 4 4 4 4 4 4 4 
4 4 4 4 4 4 4 4 4 4 4 4 4 4 4 4 4 4 4 4 
4 4 4 4 4 4 4 4 4 4 4 4 4 4 4 4 4 4 4 4 
4 4 4 4 4 4 4 4 4 4 4 4 4 4 4 4 4 4 4 4 
21 도토리
20 20 
4 4 4 4 4 4 4 4 4 4 4 4 4 4 4 4 4 4 4 4 
4 4 4 4 4 4 4 4 4 4 4 4 4 4 4 4 4 4 4 4 
4 4 4 4 4 4 4 4 4 4 4 4 4 4 4 4 4 4 4 4 
4 4 4 4 4 4 4 4 4 4 4 4 4 4 4 4 4 4 4 4 
4 4 4 4 4 4 4 4 4 4 4 4 4 4 4 4 4 4 4 4 
4 4 4 4 4 4 4 4 4 4 4 4 4 4 4 4 4 4 4 4 
4 4 4 4 4 4 0 0 0 1 1 0 0 0 4 4 4 4 4 4 
4 4 4 4 4 4 0 1 1 1 1 1 1 0 4 4 4 4 4 4 
4 4 4 4 4 4 1 1 1 1 1 1 1 1 4 4 4 4 4 4 
4 4 4 4 4 4 0 1 0 0 0 0 1 0 4 4 4 4 4 4 
4 4 4 4 4 4 0 1 0 0 1 0 1 0 4 4 4 4 4 4 
4 4 4 4 4 4 0 1 0 1 0 0 1 0 4 4 4 4 4 4 
4 4 4 4 4 4 0 0 1 0 0 0 1 0 4 4 4 4 4 4 
4 4 4 4 4 4 0 0 1 1 1 1 0 0 4 4 4 4 4 4 
4 4 4 4 4 4 4 4 4 4 4 4 4 4 4 4 4 4 4 4 
4 4 4 4 4 4 4 4 4 4 4 4 4 4 4 4 4 4 4 4 
4 4 4 4 4 4 4 4 4 4 4 4 4 4 4 4 4 4 4 4 
4 4 4 4 4 4 4 4 4 4 4 4 4 4 4 4 4 4 4 4 
4 4 4 4 4 4 4 4 4 4 4 4 4 4 4 4 4 4 4 4 
4 4 4 4 4 4 4 4 4 4 4 4 4 4 4 4 4 4 4 4 
22 커피
20 20 
4 4 4 4 4 4 4 4 4 4 4 4 4 4 4 4 4 4 4 4 
4 4 4 4 4 4 4 4 4 4 4 4 4 4 4 4 4 4 4 4 
4 4 4 4 4 4 4 4 4 4 4 4 4 4 4 4 4 4 4 4 
4 4 4 4 4 4 4 4 4 4 4 4 4 4 4 4 4 4 4 4 
4 4 4 4 4 4 4 4 4 4 4 4 4 4 4 4 4 4 4 4 
4 4 4 4 4 4 4 4 4 4 4 4 4 4 4 4 4 4 4 4 
4 4 4 4 4 4 0 1 0 1 0 0 0 0 4 4 4 4 4 4 
4 4 4 4 4 4 0 0 1 0 1 0 0 0 4 4 4 4 4 4 
4 4 4 4 4 4 0 1 0 1 0 0 0 0 4 4 4 4 4 4 
4 4 4 4 4 4 1 1 1 1 1 1 0 0 4 4 4 4 4 4 
4 4 4 4 4 4 1 0 0 0 0 1 1 1 4 4 4 4 4 4 
4 4 4 4 4 4 1 0 0 0 0 1 0 1 4 4 4 4 4 4 
4 4 4 4 4 4 1 0 0 0 0 1 1 1 4 4 4 4 4 4 
4 4 4 4 4 4 0 1 1 1 1 1 0 0 4 4 4 4 4 4 
4 4 4 4 4 4 4 4 4 4 4 4 4 4 4 4 4 4 4 4 
4 4 4 4 4 4 4 4 4 4 4 4 4 4 4 4 4 4 4 4 
4 4 4 4 4 4 4 4 4 4 4 4 4 4 4 4 4 4 4 4 
4 4 4 4 4 4 4 4 4 4 4 4 4 4 4 4 4 4 4 4 
4 4 4 4 4 4 4 4 4 4 4 4 4 4 4 4 4 4 4 4 
4 4 4 4 4 4 4 4 4 4 4 4 4 4 4 4 4 4 4 4 
23 하트
20 20 
4 4 4 4 4 4 4 4 4 4 4 4 4 4 4 4 4 4 4 4 
4 4 4 4 4 4 4 4 4 4 4 4 4 4 4 4 4 4 4 4 
4 4 4 4 4 4 4 4 4 4 4 4 4 4 4 4 4 4 4 4 
4 4 4 4 4 4 4 4 4 4 4 4 4 4 4 4 4 4 4 4 
4 4 4 4 4 4 4 4 4 4 4 4 4 4 4 4 4 4 4 4 
4 4 4 4 4 4 4 4 4 4 4 4 4 4 4 4 4 4 4 4 
4 4 4 4 4 4 1 1 0 1 1 1 0 1 4 4 4 4 4 4 
4 4 4 4 4 4 1 0 0 0 1 0 0 0 4 4 4 4 4 4 
4 4 4 4 4 4 0 0 0 0 0 0 0 0 4 4 4 4 4 4 
4 4 4 4 4 4 0 0 0 0 0 0 0 0 4 4 4 4 4 4 
4 4 4 4 4 4 1 0 0 0 0 0 0 0 4 4 4 4 4 4 
4 4 4 4 4 4 1 1 0 0 0 0 0 1 4 4 4 4 4 4 
4 4 4 4 4 4 1 1 1 0 0 0 1 1 4 4 4 4 4 4 
4 4 4 4 4 4 1 1 1 1 0 1 1 1 4 4 4 4 4 4 
4 4 4 4 4 4 4 4 4 4 4 4 4 4 4 4 4 4 4 4 
4 4 4 4 4 4 4 4 4 4 4 4 4 4 4 4 4 4 4 4 
4 4 4 4 4 4 4 4 4 4 4 4 4 4 4 4 4 4 4 4 
4 4 4 4 4 4 4 4 4 4 4 4 4 4 4 4 4 4 4 4 
4 4 4 4 4 4 4 4 4 4 4 4 4 4 4 4 4 4 4 4 
4 4 4 4 4 4 4 4 4 4 4 4 4 4 4 4 4 4 4 4 
24 과녁
20 20 
4 4 4 4 4 4 4 4 4 4 4 4 4 4 4 4 4 4 4 4 
4 4 4 4 4 4 4 4 4 4 4 4 4 4 4 4 4 4 4 4 
4 4 4 4 4 4 4 4 4 4 4 4 4 4 4 4 4 4 4 4 
4 4 4 4 4 4 4 4 4 4 4 4 4 4 4 4 4 4 4 4 
4 4 4 4 4 4 4 4 4 4 4 4 4 4 4 4 4 4 4 4 
4 4 4 4 4 4 4 4 4 4 4 4 4 4 4 4 4 4 4 4 
4 4 4 4 4 4 1 1 1 0 0 0 1 1 4 4 4 4 4 4 
4 4 4 4 4 4 1 1 0 1 1 1 0 1 4 4 4 4 4 4 
4 4 4 4 4 4 1 0 1 1 1 1 1 0 4 4 4 4 4 4 
4 4 4 4 4 4 1 0 1 1 0 1 1 0 4 4 4 4 4 4 
4 4 4 4 4 4 1 0 1 1 1 1 1 0 4 4 4 4 4 4 
4 4 4 4 4 4 1 1 0 1 1 1 0 1 4 4 4 4 4 4 
4 4 4 4 4 4 1 1 1 0 0 0 1 1 4 4 4 4 4 4 
4 4 4 4 4 4 1 1 1 1 1 1 1 1 4 4 4 4 4 4 
4 4 4 4 4 4 4 4 4 4 4 4 4 4 4 4 4 4 4 4 
4 4 4 4 4 4 4 4 4 4 4 4 4 4 4 4 4 4 4 4 
4 4 4 4 4 4 4 4 4 4 4 4 4 4 4 4 4 4 4 4 
4 4 4 4 4 4 4 4 4 4 4 4 4 4 4 4 4 4 4 4 
4 4 4 4 4 4 4 4 4 4 4 4 4 4 4 4 4 4 4 4 
4 4 4 4 4 4 4 4 4 4 4 4 4 4 4 4 4 4 4 4 
25 텔레비전
20 20 
4 4 4 4 4 4 4 4 4 4 4 4 4 4 4 4 4 4 4 4 
4 4 4 4 4 4 4 4 4 4 4 4 4 4 4 4 4 4 4 4 
4 4 4 4 4 4 4 4 4 4 4 4 4 4 4 4 4 4 4 4 
4 4 4 4 4 4 4 4 4 4 4 4 4 4 4 4 4 4 4 4 
4 4 4 4 4 4 4 4 4 4 4 4 4 4 4 4 4 4 4 4 
4 4 4 4 4 4 4 4 4 4 4 4 4 4 4 4 4 4 4 4 
4 4 4 4 4 4 0 0 0 1 0 1 0 0 4 4 4 4 4 4 
4 4 4 4 4 4 0 0 0 0 1 0 0 0 4 4 4 4 4 4 
4 4 4 4 4 4 0 1 1 1 1 1 1 0 4 4 4 4 4 4 
4 4 4 4 4 4 0 1 0 0 0 0 1 0 4 4 4 4 4 4 
4 4 4 4 4 4 0 1 0 1 1 0 1 0 4 4 4 4 4 4 
4 4 4 4 4 4 0 1 0 0 0 0 1 0 4 4 4 4 4 4 
4 4 4 4 4 4 0 1 1 1 1 1 1 0 4 4 4 4 4 4 
4 4 4 4 4 4 0 1 0 0 0 0 1 0 4 4 4 4 4 4 
4 4 4 4 4 4 4 4 4 4 4 4 4 4 4 4 4 4 4 4 
4 4 4 4 4 4 4 4 4 4 4 4 4 4 4 4 4 4 4 4 
4 4 4 4 4 4 4 4 4 4 4 4 4 4 4 4 4 4 4 4 
4 4 4 4 4 4 4 4 4 4 4 4 4 4 4 4 4 4 4 4 
4 4 4 4 4 4 4 4 4 4 4 4 4 4 4 4 4 4 4 4 
4 4 4 4 4 4 4 4 4 4 4 4 4 4 4 4 4 4 4 4 
26 월광
20 20 
4 4 4 4 4 4 4 4 4 4 4 4 4 4 4 4 4 4 4 4 
4 4 4 4 4 4 4 4 4 4 4 4 4 4 4 4 4 4 4 4 
4 4 4 4 4 4 4 4 4 4 4 4 4 4 4 4 4 4 4 4 
4 4 4 4 4 4 4 4 4 4 4 4 4 4 4 4 4 4 4 4 
4 4 4 4 4 4 4 4 4 4 4 4 4 4 4 4 4 4 4 4 
4 4 4 4 4 4 4 4 4 4 4 4 4 4 4 4 4 4 4 4 
4 4 4 4 4 4 1 1 1 1 1 1 1 1 4 4 4 4 4 4 
4 4 4 4 4 4 1 0 0 0 0 0 0 1 4 4 4 4 4 4 
4 4 4 4 4 4 1 0 0 1 1 0 0 1 4 4 4 4 4 4 
4 4 4 4 4 4 1 0 0 1 1 0 0 1 4 4 4 4 4 4 
4 4 4 4 4 4 1 0 0 0 0 0 0 1 4 4 4 4 4 4 
4 4 4 4 4 4 1 0 0 1 1 0 0 1 4 4 4 4 4 4 
4 4 4 4 4 4 1 0 1 1 1 1 0 1 4 4 4 4 4 4 
4 4 4 4 4 4 1 1 1 1 1 1 1 1 4 4 4 4 4 4 
4 4 4 4 4 4 4 4 4 4 4 4 4 4 4 4 4 4 4 4 
4 4 4 4 4 4 4 4 4 4 4 4 4 4 4 4 4 4 4 4 
4 4 4 4 4 4 4 4 4 4 4 4 4 4 4 4 4 4 4 4 
4 4 4 4 4 4 4 4 4 4 4 4 4 4 4 4 4 4 4 4 
4 4 4 4 4 4 4 4 4 4 4 4 4 4 4 4 4 4 4 4 
4 4 4 4 4 4 4 4 4 4 4 4 4 4 4 4 4 4 4 4 
27 손
20 20 
4 4 4 4 4 4 4 4 4 4 4 4 4 4 4 4 4 4 4 4 
4 4 4 4 4 4 4 4 4 4 4 4 4 4 4 4 4 4 4 4 
4 4 4 4 4 4 4 4 4 4 4 4 4 4 4 4 4 4 4 4 
4 4 4 4 4 4 4 4 4 4 4 4 4 4 4 4 4 4 4 4 
4 4 4 4 4 4 4 4 4 4 4 4 4 4 4 4 4 4 4 4 
4 4 4 4 4 4 4 4 4 4 4 4 4 4 4 4 4 4 4 4 
4 4 4 4 4 4 0 1 0 1 0 1 0 0 4 4 4 4 4 4 
4 4 4 4 4 4 0 1 0 1 0 1 0 0 4 4 4 4 4 4 
4 4 4 4 4 4 0 1 0 1 0 1 0 1 4 4 4 4 4 4 
4 4 4 4 4 4 0 1 1 1 1 1 1 1 4 4 4 4 4 4 
4 4 4 4 4 4 1 1 1 1 1 1 1 1 4 4 4 4 4 4 
4 4 4 4 4 4 0 1 1 1 1 1 1 0 4 4 4 4 4 4 
4 4 4 4 4 4 0 0 1 1 1 1 1 0 4 4 4 4 4 4 
4 4 4 4 4 4 0 0 0 1 1 1 0 0 4 4 4 4 4 4 
4 4 4 4 4 4 4 4 4 4 4 4 4 4 4 4 4 4 4 4 
4 4 4 4 4 4 4 4 4 4 4 4 4 4 4 4 4 4 4 4 
4 4 4 4 4 4 4 4 4 4 4 4 4 4 4 4 4 4 4 4 
4 4 4 4 4 4 4 4 4 4 4 4 4 4 4 4 4 4 4 4 
4 4 4 4 4 4 4 4 4 4 4 4 4 4 4 4 4 4 4 4 
4 4 4 4 4 4 4 4 4 4 4 4 4 4 4 4 4 4 4 4 
28 자전거
20 20 
4 4 4 4 4 4 4 4 4 4 4 4 4 4 4 4 4 4 4 4 
4 4 4 4 4 4 4 4 4 4 4 4 4 4 4 4 4 4 4 4 
4 4 4 4 4 4 4 4 4 4 4 4 4 4 4 4 4 4 4 4 
4 4 4 4 4 4 4 4 4 4 4 4 4 4 4 4 4 4 4 4 
4 4 4 4 4 4 4 4 4 4 4 4 4 4 4 4 4 4 4 4 
4 4 4 4 4 4 4 4 4 4 4 4 4 4 4 4 4 4 4 4 
4 4 4 4 4 4 1 0 0 0 0 0 0 0 4 4 4 4 4 4 
4 4 4 4 4 4 1 1 1 0 0 0 0 0 4 4 4 4 4 4 
4 4 4 4 4 4 1 0 0 0 1 1 0 1 4 4 4 4 4 4 
4 4 4 4 4 4 1 1 1 1 1 1 1 0 4 4 4 4 4 4 
4 4 4 4 4 4 0 1 1 1 1 1 0 0 4 4 4 4 4 4 
4 4 4 4 4 4 0 1 1 0 0 1 1 0 4 4 4 4 4 4 
4 4 4 4 4 4 1 1 1 0 1 1 1 1 4 4 4 4 4 4 
4 4 4 4 4 4 0 1 0 0 0 1 1 0 4 4 4 4 4 4 
4 4 4 4 4 4 4 4 4 4 4 4 4 4 4 4 4 4 4 4 
4 4 4 4 4 4 4 4 4 4 4 4 4 4 4 4 4 4 4 4 
4 4 4 4 4 4 4 4 4 4 4 4 4 4 4 4 4 4 4 4 
4 4 4 4 4 4 4 4 4 4 4 4 4 4 4 4 4 4 4 4 
4 4 4 4 4 4 4 4 4 4 4 4 4 4 4 4 4 4 4 4 
4 4 4 4 4 4 4 4 4 4 4 4 4 4 4 4 4 4 4 4 
29 삐딱이
20 20 
4 4 4 4 4 4 4 4 4 4 4 4 4 4 4 4 4 4 4 4 
4 4 4 4 4 4 4 4 4 4 4 4 4 4 4 4 4 4 4 4 
4 4 4 4 4 4 4 4 4 4 4 4 4 4 4 4 4 4 4 4 
4 4 4 4 4 4 4 4 4 4 4 4 4 4 4 4 4 4 4 4 
4 4 4 4 4 4 4 4 4 4 4 4 4 4 4 4 4 4 4 4 
4 4 4 4 4 4 4 4 4 4 4 4 4 4 4 4 4 4 4 4 
4 4 4 4 4 4 0 1 1 1 1 1 0 0 4 4 4 4 4 4 
4 4 4 4 4 4 1 1 0 1 1 1 1 0 4 4 4 4 4 4 
4 4 4 4 4 4 1 0 1 0 0 1 1 0 4 4 4 4 4 4 
4 4 4 4 4 4 1 0 0 0 0 0 1 0 4 4 4 4 4 4 
4 4 4 4 4 4 1 1 0 0 1 0 1 1 4 4 4 4 4 4 
4 4 4 4 4 4 1 0 1 0 0 0 1 0 4 4 4 4 4 4 
4 4 4 4 4 4 1 0 0 1 0 1 1 0 4 4 4 4 4 4 
4 4 4 4 4 4 0 1 1 1 1 1 0 0 4 4 4 4 4 4 
4 4 4 4 4 4 4 4 4 4 4 4 4 4 4 4 4 4 4 4 
4 4 4 4 4 4 4 4 4 4 4 4 4 4 4 4 4 4 4 4 
4 4 4 4 4 4 4 4 4 4 4 4 4 4 4 4 4 4 4 4 
4 4 4 4 4 4 4 4 4 4 4 4 4 4 4 4 4 4 4 4 
4 4 4 4 4 4 4 4 4 4 4 4 4 4 4 4 4 4 4 4 
4 4 4 4 4 4 4 4 4 4 4 4 4 4 4 4 4 4 4 4 
30 장승
20 20 
4 4 4 4 4 4 4 4 4 4 4 4 4 4 4 4 4 4 4 4 
4 4 4 4 4 4 4 4 4 4 4 4 4 4 4 4 4 4 4 4 
4 4 4 4 4 4 4 4 4 4 4 4 4 4 4 4 4 4 4 4 
4 4 4 0 0 1 1 0 0 0 0 0 0 0 0 0 0 4 4 4 
4 4 4 0 0 1 1 0 0 0 0 0 0 0 0 0 0 4 4 4 
4 4 4 0 1 1 1 1 0 0 0 0 0 0 0 0 0 4 4 4 
4 4 4 0 1 1 1 1 0 0 0 1 1 0 0 0 0 4 4 4 
4 4 4 0 0 1 1 0 0 0 0 1 1 0 0 0 0 4 4 4 
4 4 4 0 0 1 1 0 0 1 1 1 1 1 1 0 0 4 4 4 
4 4 4 0 0 1 1 0 0 1 0 1 1 0 1 0 0 4 4 4 
4 4 4 0 0 1 1 0 0 0 0 1 1 0 0 0 0 4 4 4 
4 4 4 0 0 1 1 0 0 0 0 1 1 0 0 0 0 4 4 4 
4 4 4 0 0 1 1 0 0 0 0 1 1 0 0 0 0 4 4 4 
4 4 4 0 0 1 1 0 0 0 0 1 1 0 0 0 0 4 4 4 
4 4 4 0 0 1 1 0 0 0 0 1 1 0 0 0 0 4 4 4 
4 4 4 0 0 1 1 0 0 1 0 1 1 0 0 0 0 4 4 4 
4 4 4 1 0 1 1 0 1 1 0 1 1 0 1 0 1 4 4 4 
4 4 4 4 4 4 4 4 4 4 4 4 4 4 4 4 4 4 4 4 
4 4 4 4 4 4 4 4 4 4 4 4 4 4 4 4 4 4 4 4 
4 4 4 4 4 4 4 4 4 4 4 4 4 4 4 4 4 4 4 4 
31 콧수염
20 20 
4 4 4 4 4 4 4 4 4 4 4 4 4 4 4 4 4 4 4 4 
4 4 4 4 4 4 4 4 4 4 4 4 4 4 4 4 4 4 4 4 
4 4 4 4 4 4 4 4 4 4 4 4 4 4 4 4 4 4 4 4 
4 4 4 1 0 0 1 0 0 0 0 0 0 1 0 0 1 4 4 4 
4 4 4 0 0 1 0 1 0 0 0 0 1 0 1 0 0 4 4 4 
4 4 4 0 0 1 0 1 0 0 0 0 1 0 1 0 0 4 4 4 
4 4 4 0 0 0 1 0 0 0 0 0 0 1 0 0 0 4 4 4 
4 4 4 0 0 0 0 0 0 1 1 0 0 0 0 0 0 4 4 4 
4 4 4 1 0 0 0 0 1 1 1 1 0 0 0 0 1 4 4 4 
4 4 4 0 1 1 1 1 1 1 1 1 1 1 1 1 0 4 4 4 
4 4 4 0 0 1 1 1 1 0 0 1 1 1 1 0 0 4 4 4 
4 4 4 0 0 0 0 1 0 0 0 0 1 0 0 0 0 4 4 4 
4 4 4 0 0 1 0 0 0 0 0 0 0 0 1 0 0 4 4 4 
4 4 4 1 0 0 1 1 1 1 1 1 1 1 0 0 1 4 4 4 
4 4 4 1 0 0 0 1 1 1 1 1 1 0 0 0 1 4 4 4 
4 4 4 1 1 0 0 0 1 1 1 1 0 0 0 1 1 4 4 4 
4 4 4 1 1 1 0 0 0 1 1 0 0 0 1 1 1 4 4 4 
4 4 4 4 4 4 4 4 4 4 4 4 4 4 4 4 4 4 4 4 
4 4 4 4 4 4 4 4 4 4 4 4 4 4 4 4 4 4 4 4 
4 4 4 4 4 4 4 4 4 4 4 4 4 4 4 4 4 4 4 4 
32 스프레이
20 20 
4 4 4 4 4 4 4 4 4 4 4 4 4 4 4 4 4 4 4 4 
4 4 4 4 4 4 4 4 4 4 4 4 4 4 4 4 4 4 4 4 
4 4 4 4 4 4 4 4 4 4 4 4 4 4 4 4 4 4 4 4 
4 4 4 0 0 0 0 0 1 0 0 0 0 1 0 1 0 4 4 4 
4 4 4 0 0 0 1 1 1 1 1 0 1 0 1 0 1 4 4 4 
4 4 4 0 0 1 1 1 1 1 1 1 0 1 0 1 0 4 4 4 
4 4 4 0 1 1 1 1 1 0 0 0 0 0 1 0 1 4 4 4 
4 4 4 1 1 0 1 1 0 0 0 0 0 1 0 1 0 4 4 4 
4 4 4 1 0 0 1 1 0 0 0 0 0 0 1 0 1 4 4 4 
4 4 4 0 0 0 1 1 0 0 0 0 0 0 0 1 0 4 4 4 
4 4 4 0 0 1 1 1 1 1 0 0 0 0 0 0 0 4 4 4 
4 4 4 0 1 1 1 1 1 1 1 0 1 1 0 0 0 4 4 4 
4 4 4 1 1 1 1 1 1 1 1 0 0 0 1 1 0 4 4 4 
4 4 4 1 1 1 1 1 1 1 1 0 0 0 0 0 1 4 4 4 
4 4 4 1 1 1 1 1 1 1 1 0 0 0 0 0 1 4 4 4 
4 4 4 0 1 1 1 1 1 1 0 0 0 0 0 1 0 4 4 4 
4 4 4 0 0 1 1 1 1 0 0 0 0 1 1 0 0 4 4 4 
4 4 4 4 4 4 4 4 4 4 4 4 4 4 4 4 4 4 4 4 
4 4 4 4 4 4 4 4 4 4 4 4 4 4 4 4 4 4 4 4 
4 4 4 4 4 4 4 4 4 4 4 4 4 4 4 4 4 4 4 4 
33 자바
20 20 
4 4 4 4 4 4 4 4 4 4 4 4 4 4 4 4 4 4 4 4 
4 4 4 4 4 4 4 4 4 4 4 4 4 4 4 4 4 4 4 4 
4 4 4 4 4 4 4 4 4 4 4 4 4 4 4 4 4 4 4 4 
4 4 4 0 1 0 0 1 0 0 1 0 1 0 0 1 0 4 4 4 
4 4 4 0 1 0 1 0 1 0 1 0 1 0 1 0 1 4 4 4 
4 4 4 0 1 0 1 0 1 0 1 0 1 0 1 0 1 4 4 4 
4 4 4 0 1 0 1 1 1 0 1 0 1 0 1 1 1 4 4 4 
4 4 4 0 1 0 1 0 1 0 1 0 1 0 1 0 1 4 4 4 
4 4 4 1 0 0 1 0 1 0 0 1 0 0 1 0 1 4 4 4 
4 4 4 0 0 0 0 0 0 0 0 0 0 0 0 0 0 4 4 4 
4 4 4 0 1 1 1 0 0 0 0 0 0 0 0 0 0 4 4 4 
4 4 4 1 0 0 0 1 0 0 1 0 0 0 1 0 0 4 4 4 
4 4 4 1 0 0 0 0 0 0 1 0 0 0 1 0 0 4 4 4 
4 4 4 1 0 0 0 0 0 1 1 1 0 1 1 1 0 4 4 4 
4 4 4 1 0 0 0 0 0 0 1 0 0 0 1 0 0 4 4 4 
4 4 4 1 0 0 0 1 0 0 1 0 0 0 1 0 0 4 4 4 
4 4 4 0 1 1 1 0 0 0 0 0 0 0 0 0 0 4 4 4 
4 4 4 4 4 4 4 4 4 4 4 4 4 4 4 4 4 4 4 4 
4 4 4 4 4 4 4 4 4 4 4 4 4 4 4 4 4 4 4 4 
4 4 4 4 4 4 4 4 4 4 4 4 4 4 4 4 4 4 4 4 
34 배달
20 20 
4 4 4 4 4 4 4 4 4 4 4 4 4 4 4 4 4 4 4 4 
4 4 4 4 4 4 4 4 4 4 4 4 4 4 4 4 4 4 4 4 
4 4 4 4 4 4 4 4 4 4 4 4 4 4 4 4 4 4 4 4 
4 4 4 0 0 0 0 0 1 0 1 0 1 0 1 0 0 4 4 4 
4 4 4 0 0 0 0 0 1 0 0 0 0 0 1 0 0 4 4 4 
4 4 4 0 0 0 0 0 0 1 1 1 1 1 0 0 0 4 4 4 
4 4 4 1 1 1 1 1 1 1 0 0 0 1 1 1 0 4 4 4 
4 4 4 1 0 0 0 1 0 0 0 0 0 0 0 1 1 4 4 4 
4 4 4 1 0 0 0 1 1 1 0 0 0 0 0 0 1 4 4 4 
4 4 4 1 1 1 1 1 0 1 1 1 1 1 0 0 1 4 4 4 
4 4 4 0 0 0 1 0 1 0 0 0 0 0 1 1 0 4 4 4 
4 4 4 0 0 0 0 1 1 0 0 0 0 0 0 0 1 4 4 4 
4 4 4 0 0 0 0 0 1 0 0 0 0 0 0 0 1 4 4 4 
4 4 4 0 0 0 0 0 1 0 0 1 0 0 1 1 0 4 4 4 
4 4 4 0 0 0 0 0 0 1 1 0 1 1 0 1 0 4 4 4 
4 4 4 0 0 0 0 0 0 0 1 0 0 0 1 0 0 4 4 4 
4 4 4 0 0 0 0 0 1 1 1 0 1 1 1 0 0 4 4 4 
4 4 4 4 4 4 4 4 4 4 4 4 4 4 4 4 4 4 4 4 
4 4 4 4 4 4 4 4 4 4 4 4 4 4 4 4 4 4 4 4 
4 4 4 4 4 4 4 4 4 4 4 4 4 4 4 4 4 4 4 4 
35 청테이프
20 20 
4 4 4 4 4 4 4 4 4 4 4 4 4 4 4 4 4 4 4 4 
4 4 4 4 4 4 4 4 4 4 4 4 4 4 4 4 4 4 4 4 
4 4 4 4 4 4 4 4 4 4 4 4 4 4 4 4 4 4 4 4 
4 4 4 0 0 0 0 0 0 0 0 0 0 0 0 0 0 4 4 4 
4 4 4 0 0 0 1 1 1 1 1 1 1 1 0 0 0 4 4 4 
4 4 4 0 1 1 0 0 0 0 0 0 0 0 1 1 0 4 4 4 
4 4 4 1 0 0 0 0 0 0 0 0 0 0 0 0 1 4 4 4 
4 4 4 1 0 0 0 0 0 0 0 0 0 0 0 0 1 4 4 4 
4 4 4 1 0 0 0 0 0 0 0 0 0 0 0 0 1 4 4 4 
4 4 4 1 1 1 0 0 0 0 0 0 0 0 1 1 1 4 4 4 
4 4 4 1 0 0 1 1 1 1 1 1 1 1 0 0 1 4 4 4 
4 4 4 1 0 0 0 0 0 0 0 0 0 0 0 0 1 4 4 4 
4 4 4 1 0 0 0 0 0 0 0 0 0 0 0 0 1 4 4 4 
4 4 4 1 0 0 0 0 0 0 0 0 0 0 0 0 1 4 4 4 
4 4 4 1 0 0 0 0 0 0 0 0 0 0 0 0 1 4 4 4 
4 4 4 0 1 1 0 0 0 0 0 0 0 0 1 1 0 4 4 4 
4 4 4 0 0 0 1 1 1 1 1 1 1 1 0 0 0 4 4 4 
4 4 4 4 4 4 4 4 4 4 4 4 4 4 4 4 4 4 4 4 
4 4 4 4 4 4 4 4 4 4 4 4 4 4 4 4 4 4 4 4 
4 4 4 4 4 4 4 4 4 4 4 4 4 4 4 4 4 4 4 4 
36 페르시아의왕자
20 20 
4 4 4 4 4 4 4 4 4 4 4 4 4 4 4 4 4 4 4 4 
4 4 4 4 4 4 4 4 4 4 4 4 4 4 4 4 4 4 4 4 
4 4 4 4 4 4 4 4 4 4 4 4 4 4 4 4 4 4 4 4 
4 4 4 1 1 1 0 0 0 1 1 0 0 0 1 1 1 4 4 4 
4 4 4 1 1 0 0 1 1 0 0 1 1 0 0 1 1 4 4 4 
4 4 4 1 1 0 1 0 0 0 0 0 0 1 0 1 1 4 4 4 
4 4 4 1 1 0 1 1 1 1 1 1 1 1 0 1 1 4 4 4 
4 4 4 1 1 0 1 0 0 0 0 0 0 1 0 1 1 4 4 4 
4 4 4 1 1 0 1 0 0 1 1 0 0 1 0 1 1 4 4 4 
4 4 4 1 1 0 1 0 0 1 1 0 0 1 0 1 1 4 4 4 
4 4 4 1 1 1 0 1 1 1 1 1 1 1 0 1 1 4 4 4 
4 4 4 1 1 0 1 0 0 1 0 0 0 0 1 1 1 4 4 4 
4 4 4 1 1 1 0 1 0 0 1 0 0 1 0 1 1 4 4 4 
4 4 4 1 1 0 1 0 1 0 0 1 0 0 1 1 1 4 4 4 
4 4 4 1 1 1 0 1 0 0 0 1 0 1 0 1 1 4 4 4 
4 4 4 1 1 0 1 0 1 0 0 1 0 0 1 1 1 4 4 4 
4 4 4 1 1 1 0 1 0 0 1 0 0 1 0 1 1 4 4 4 
4 4 4 4 4 4 4 4 4 4 4 4 4 4 4 4 4 4 4 4 
4 4 4 4 4 4 4 4 4 4 4 4 4 4 4 4 4 4 4 4 
4 4 4 4 4 4 4 4 4 4 4 4 4 4 4 4 4 4 4 4 
37 셔츠
20 20 
4 4 4 4 4 4 4 4 4 4 4 4 4 4 4 4 4 4 4 4 
4 4 4 4 4 4 4 4 4 4 4 4 4 4 4 4 4 4 4 4 
4 4 4 4 4 4 4 4 4 4 4 4 4 4 4 4 4 4 4 4 
4 4 4 1 1 1 1 1 1 1 1 1 1 1 1 1 1 4 4 4 
4 4 4 1 1 1 1 0 0 1 1 1 1 1 1 0 1 4 4 4 
4 4 4 1 1 1 0 0 0 0 1 1 1 1 0 0 0 4 4 4 
4 4 4 1 1 0 0 0 0 0 0 0 0 0 0 0 0 4 4 4 
4 4 4 1 0 0 0 0 0 0 0 0 0 0 0 0 0 4 4 4 
4 4 4 1 0 0 0 0 0 0 0 0 0 1 0 0 0 4 4 4 
4 4 4 1 0 0 0 0 0 0 0 0 0 0 0 0 0 4 4 4 
4 4 4 1 0 0 1 0 0 0 0 0 0 1 0 0 0 4 4 4 
4 4 4 1 1 1 1 0 0 0 0 0 0 0 0 0 1 4 4 4 
4 4 4 1 1 1 1 0 0 0 0 0 0 1 0 0 1 4 4 4 
4 4 4 1 1 1 1 0 0 0 0 0 0 0 0 0 1 4 4 4 
4 4 4 1 1 1 1 0 0 0 0 0 0 1 0 0 1 4 4 4 
4 4 4 1 1 1 1 0 0 0 0 0 0 0 0 0 1 4 4 4 
4 4 4 1 1 1 1 0 0 0 0 0 0 0 0 0 1 4 4 4 
4 4 4 4 4 4 4 4 4 4 4 4 4 4 4 4 4 4 4 4 
4 4 4 4 4 4 4 4 4 4 4 4 4 4 4 4 4 4 4 4 
4 4 4 4 4 4 4 4 4 4 4 4 4 4 4 4 4 4 4 4 
38 얼굴
20 20 
4 4 4 4 4 4 4 4 4 4 4 4 4 4 4 4 4 4 4 4 
4 4 4 4 4 4 4 4 4 4 4 4 4 4 4 4 4 4 4 4 
4 4 4 4 4 4 4 4 4 4 4 4 4 4 4 4 4 4 4 4 
4 4 4 0 0 1 1 0 0 0 0 1 1 0 0 0 0 4 4 4 
4 4 4 0 0 1 1 1 0 0 0 1 1 1 0 0 0 4 4 4 
4 4 4 0 0 0 1 1 0 0 0 0 1 1 0 0 0 4 4 4 
4 4 4 0 0 0 1 1 0 0 0 0 1 1 0 0 0 4 4 4 
4 4 4 0 0 1 1 1 1 1 1 1 1 1 1 0 0 4 4 4 
4 4 4 0 1 1 0 0 0 0 0 0 0 0 1 0 0 4 4 4 
4 4 4 0 1 0 0 0 0 0 0 0 0 0 0 1 0 4 4 4 
4 4 4 1 1 0 0 0 0 0 0 0 0 0 0 1 1 4 4 4 
4 4 4 1 1 0 0 0 1 0 0 0 1 0 0 1 1 4 4 4 
4 4 4 0 1 0 0 0 0 0 0 0 0 0 0 1 0 4 4 4 
4 4 4 0 1 0 0 1 0 0 0 0 0 0 0 1 0 4 4 4 
4 4 4 0 1 0 0 0 1 1 1 1 1 0 0 1 0 4 4 4 
4 4 4 0 0 1 0 0 0 0 0 0 0 0 1 0 0 4 4 4 
4 4 4 0 0 0 1 1 1 1 1 1 1 1 0 0 0 4 4 4 
4 4 4 4 4 4 4 4 4 4 4 4 4 4 4 4 4 4 4 4 
4 4 4 4 4 4 4 4 4 4 4 4 4 4 4 4 4 4 4 4 
4 4 4 4 4 4 4 4 4 4 4 4 4 4 4 4 4 4 4 4 
39 펭귄
20 20 
4 4 4 4 4 4 4 4 4 4 4 4 4 4 4 4 4 4 4 4 
4 4 4 4 4 4 4 4 4 4 4 4 4 4 4 4 4 4 4 4 
4 4 4 4 4 4 4 4 4 4 4 4 4 4 4 4 4 4 4 4 
4 4 4 0 0 0 0 0 1 1 0 0 0 0 1 0 0 4 4 4 
4 4 4 1 0 0 0 0 1 1 1 0 0 1 1 1 0 4 4 4 
4 4 4 1 1 0 0 1 1 1 1 0 1 1 1 1 0 4 4 4 
4 4 4 1 1 0 0 1 1 1 1 0 0 0 1 1 1 4 4 4 
4 4 4 1 1 0 0 0 1 1 1 1 0 1 1 1 1 4 4 4 
4 4 4 1 1 1 0 1 1 0 1 1 1 1 1 0 1 4 4 4 
4 4 4 0 1 1 0 1 0 0 0 1 1 1 0 0 0 4 4 4 
4 4 4 0 0 1 1 1 0 0 0 1 1 1 0 0 0 4 4 4 
4 4 4 0 1 1 1 1 0 0 0 1 1 1 1 0 1 4 4 4 
4 4 4 1 1 1 0 1 1 0 1 1 1 1 1 0 1 4 4 4 
4 4 4 1 1 0 0 1 1 1 1 1 0 0 1 1 1 4 4 4 
4 4 4 1 1 0 0 1 1 1 1 0 0 0 1 0 1 4 4 4 
4 4 4 0 1 0 0 0 1 0 1 0 0 0 1 0 1 4 4 4 
4 4 4 0 1 0 0 0 1 0 1 0 0 0 1 0 1 4 4 4 
4 4 4 4 4 4 4 4 4 4 4 4 4 4 4 4 4 4 4 4 
4 4 4 4 4 4 4 4 4 4 4 4 4 4 4 4 4 4 4 4 
4 4 4 4 4 4 4 4 4 4 4 4 4 4 4 4 4 4 4 4 
40 스태플
20 20 
0 1 1 1 1 1 0 0 0 0 0 0 0 0 0 0 0 0 0 0 
0 1 0 0 0 1 0 0 0 0 0 0 0 0 0 0 0 0 0 0 
0 1 0 0 0 1 0 0 0 0 0 0 0 0 1 1 1 1 1 0 
0 0 0 0 0 0 0 0 0 0 0 1 1 1 1 1 1 1 1 1 
0 0 0 0 0 0 0 0 1 1 1 1 1 1 1 1 1 1 1 1 
0 0 0 0 0 0 1 1 1 1 1 1 0 0 1 1 1 1 1 1 
0 0 0 0 1 1 1 1 1 1 0 0 0 0 0 0 0 0 1 0 
0 0 0 1 1 1 1 1 0 0 0 0 0 0 0 0 0 0 0 0 
0 0 0 1 1 1 1 0 0 0 0 0 0 0 0 0 0 0 0 0 
0 0 1 1 1 1 1 1 1 1 1 1 1 1 1 1 1 1 1 0 
0 1 1 1 1 1 1 1 1 1 1 1 1 1 1 1 1 1 1 1 
0 1 1 1 1 1 1 1 1 1 1 1 1 1 1 1 1 1 1 1 
0 0 0 0 0 0 0 0 0 0 0 0 0 0 0 0 0 0 0 0 
0 0 0 0 0 0 0 0 0 0 0 0 0 0 0 0 0 0 0 0 
1 1 1 1 1 1 1 1 1 1 1 1 1 1 1 1 1 0 0 0 
1 0 1 0 1 0 1 0 1 0 1 0 0 0 0 0 1 0 0 0 
1 0 1 0 1 0 1 0 1 0 1 0 0 0 0 0 1 0 0 0 
1 0 1 0 1 0 1 0 1 0 1 0 0 0 0 0 1 0 0 0 
0 0 0 0 0 0 0 0 0 0 0 0 0 0 0 0 0 0 0 0 
0 0 0 0 0 0 0 0 0 0 0 0 0 0 0 0 0 0 0 0 
41 호텔
20 20 
0 0 1 1 0 1 1 0 0 1 1 0 0 1 1 0 1 1 0 0 
0 0 1 1 0 1 1 0 0 1 1 0 0 1 1 0 1 1 0 0 
0 0 1 1 0 1 1 0 0 1 1 0 0 1 1 0 1 1 0 0 
0 0 1 1 0 0 0 0 0 0 0 0 0 0 0 0 1 1 0 0 
0 0 1 1 0 1 1 0 0 1 1 0 0 1 1 0 1 1 0 0 
0 0 1 1 0 1 1 0 0 1 1 0 0 1 1 0 1 1 0 0 
0 0 1 1 0 1 1 0 0 1 1 0 0 1 1 0 1 1 0 0 
0 0 1 1 0 0 0 0 0 0 0 0 0 0 0 0 1 1 0 0 
0 0 1 1 0 1 1 0 0 1 1 0 0 1 1 0 1 1 0 0 
0 0 1 1 0 1 1 0 0 1 1 0 0 1 1 0 1 1 0 0 
0 0 1 1 0 1 1 0 0 1 1 0 0 1 1 0 1 1 0 0 
0 0 1 1 0 0 0 0 0 0 0 0 0 0 0 0 1 1 0 0 
0 0 1 1 0 1 1 0 0 0 0 0 0 1 1 0 1 1 0 0 
0 0 1 1 0 1 1 0 0 0 0 0 0 1 1 0 1 1 0 0 
0 0 1 1 0 1 1 0 0 0 0 0 0 1 1 0 1 1 0 0 
0 0 1 1 0 0 0 0 0 0 0 0 0 0 0 0 1 1 0 0 
0 0 1 1 1 1 1 1 1 1 1 1 1 1 1 1 1 1 0 0 
0 0 1 1 1 1 1 1 1 1 1 1 1 1 1 1 1 1 0 0 
0 0 1 1 0 0 0 0 0 0 0 0 0 0 0 0 1 1 0 0 
0 0 1 1 0 0 0 0 0 1 1 0 0 0 0 0 1 1 0 0 
42 열쇠고리
20 20 
0 0 0 1 1 0 0 0 1 1 0 0 0 0 0 0 0 0 0 0 
0 0 1 1 0 0 0 0 0 1 1 1 1 0 0 0 0 0 0 0 
0 1 1 0 0 0 0 0 0 0 1 1 1 1 0 0 0 0 0 0 
0 1 0 0 0 0 0 0 1 1 1 1 1 1 0 0 0 0 0 0 
0 1 0 0 0 0 0 0 1 1 1 1 1 1 0 0 1 0 0 0 
0 1 0 0 0 0 0 0 1 1 1 1 1 1 0 1 1 0 0 0 
0 1 1 1 1 0 1 0 0 1 1 0 1 1 1 1 0 0 0 0 
1 1 1 1 1 0 1 1 1 1 1 1 0 1 1 0 0 1 1 0 
1 1 1 1 1 0 1 1 1 1 1 1 0 1 1 1 1 1 0 0 
1 1 1 1 1 1 1 1 1 1 1 1 0 0 1 1 1 0 1 1 
0 1 1 1 0 0 1 1 1 1 1 1 0 0 0 1 1 1 1 0 
0 1 1 0 0 0 1 1 1 1 1 1 0 0 0 0 1 1 0 0 
0 1 1 0 0 0 0 0 1 1 1 0 0 0 0 0 0 1 1 0 
0 1 1 0 0 0 0 0 0 1 1 0 0 0 0 0 0 0 1 1 
0 1 1 0 0 0 0 0 0 1 1 1 0 0 0 0 0 0 0 0 
0 1 1 0 0 0 0 0 0 0 1 1 0 0 0 0 0 0 0 0 
0 1 0 0 0 0 0 0 0 0 1 1 1 0 0 0 0 0 0 0 
0 1 0 0 0 0 0 0 0 0 0 1 1 0 0 0 0 0 0 0 
0 0 0 0 0 0 0 0 0 0 0 1 1 1 0 0 0 0 0 0 
0 0 0 0 0 0 0 0 0 0 0 0 0 1 0 0 0 0 0 0 
43 시계
20 20 
1 1 1 1 1 1 1 1 1 1 1 1 1 1 1 1 1 1 1 1 
1 1 0 0 0 0 0 0 0 0 0 0 0 0 0 0 0 0 1 1 
1 0 0 0 1 1 0 0 0 1 1 0 0 1 1 0 0 0 0 1 
1 0 0 0 0 0 0 0 0 0 0 0 0 0 0 0 0 0 0 1 
1 0 1 0 0 0 0 0 0 0 0 0 0 0 0 0 0 1 0 1 
1 0 1 0 0 0 0 0 0 0 0 0 1 0 0 0 0 1 0 1 
1 0 0 0 0 0 0 0 0 0 0 1 1 0 0 0 0 0 0 1 
1 0 0 0 0 0 0 0 0 0 1 1 0 0 0 0 0 1 0 1 
1 0 1 0 0 0 0 0 0 0 1 0 0 0 0 0 0 1 0 1 
1 0 1 0 0 0 0 0 0 1 1 0 0 0 0 0 0 0 0 1 
1 0 0 0 0 0 0 0 0 1 1 0 0 0 0 0 0 0 0 1 
1 0 0 0 0 0 0 0 0 1 0 0 0 0 0 0 0 1 0 1 
1 0 0 0 0 0 0 0 0 1 0 0 0 0 0 0 0 1 0 1 
1 0 1 0 0 0 0 0 0 1 0 0 0 0 0 0 0 0 0 1 
1 0 1 0 0 0 0 0 1 1 0 0 0 0 0 0 0 1 0 1 
1 0 0 0 0 0 0 0 1 0 0 0 0 0 0 0 0 1 0 1 
1 0 0 0 0 0 0 0 1 0 0 0 0 0 0 0 0 0 0 1 
1 0 0 1 1 0 1 1 0 0 1 1 0 0 1 1 0 0 0 1 
1 1 0 0 0 0 0 0 0 0 0 0 0 0 0 0 0 0 1 1 
1 1 1 1 1 1 1 1 1 1 1 1 1 1 1 1 1 1 1 1 
44 사과
20 20 
1 1 1 1 1 1 1 1 1 1 0 1 1 1 1 1 1 1 1 1 
1 1 1 1 1 1 1 1 1 0 1 1 1 1 1 1 1 1 1 1 
1 1 1 1 1 1 1 1 1 0 1 1 1 1 1 1 1 1 1 1 
1 1 1 1 1 1 1 0 0 1 0 0 0 0 1 1 1 1 1 1 
1 1 1 1 0 0 1 0 0 1 0 0 0 0 0 0 1 1 1 1 
1 1 1 0 0 0 0 1 1 1 0 0 1 0 0 0 0 0 1 1 
1 1 0 0 0 0 0 0 1 1 1 1 0 0 0 0 0 0 0 1 
1 0 0 0 1 0 0 0 0 0 0 0 0 0 0 0 0 0 0 1 
0 0 0 1 1 0 0 0 0 0 0 0 0 0 0 0 0 0 0 0 
0 0 0 1 1 0 0 0 0 0 0 0 0 0 0 0 0 0 0 0 
0 0 0 1 0 0 0 0 0 0 0 0 0 0 0 0 0 0 0 0 
0 0 0 1 0 0 0 0 0 0 0 0 0 0 0 0 0 0 0 0 
0 0 0 1 0 0 0 0 0 0 0 0 0 0 0 0 0 0 0 0 
1 0 0 0 1 0 0 0 0 0 0 0 0 0 0 0 0 0 0 0 
1 0 0 0 0 0 0 0 0 0 0 0 0 0 0 0 0 0 0 1 
1 1 0 0 0 0 1 0 0 0 0 0 0 0 0 0 0 0 0 1 
1 1 0 0 0 0 1 0 0 0 0 0 0 0 0 0 0 0 1 1 
1 1 1 0 0 0 0 0 0 1 0 0 0 0 0 0 0 1 1 1 
1 1 1 1 0 0 0 0 1 1 0 0 0 0 0 0 1 1 1 1 
1 1 1 1 1 0 0 1 1 1 1 1 0 0 1 1 1 1 1 1 
45 닭다리
20 20 
1 1 1 1 1 0 1 1 0 0 0 0 0 0 0 0 0 1 1 0 
1 1 1 0 0 1 1 0 0 0 0 0 0 0 0 0 0 0 1 1 
1 1 1 0 1 1 0 0 0 0 0 0 1 0 0 0 0 0 0 1 
1 1 0 0 1 0 0 1 0 0 0 1 0 0 0 0 1 0 0 0 
1 1 0 1 1 0 1 1 0 0 1 1 0 0 0 1 1 0 0 0 
1 1 0 1 0 0 1 0 0 1 0 0 1 1 0 1 0 0 0 0 
1 1 0 1 0 0 1 0 0 1 0 0 1 0 1 0 0 0 0 0 
1 1 0 1 0 0 1 1 0 0 0 1 0 0 1 0 0 0 0 0 
1 1 0 1 1 0 0 0 0 0 0 1 0 0 1 1 0 0 0 1 
1 1 0 0 1 0 0 0 0 0 0 1 0 0 0 0 0 0 1 1 
1 1 1 0 1 1 0 0 0 0 0 1 1 0 0 0 0 0 1 0 
1 1 1 0 0 1 0 0 0 0 0 0 0 0 0 0 0 1 1 0 
1 1 1 1 0 1 0 0 0 0 0 0 0 0 0 0 1 1 0 0 
1 1 1 1 0 1 0 0 0 1 1 0 0 1 1 1 0 0 0 1 
1 1 1 0 0 1 1 0 1 1 0 1 1 0 0 0 0 0 1 1 
1 1 1 0 1 0 0 0 1 0 0 0 0 0 0 0 0 1 1 1 
1 1 0 1 1 0 0 1 1 0 0 1 1 1 1 1 1 1 1 1 
1 1 0 1 0 0 0 1 0 0 1 1 1 1 1 1 1 1 1 1 
1 1 0 1 1 1 1 1 0 1 1 1 1 1 1 1 1 1 1 1 
1 1 0 0 0 1 1 0 0 1 1 1 1 1 1 1 1 1 1 1 
46 운동화
20 20 
0 0 0 0 0 0 0 0 0 0 1 1 0 0 0 0 0 0 0 1 
0 0 0 0 0 0 0 0 0 0 0 0 1 0 0 0 0 0 0 1 
0 0 0 0 0 0 0 0 0 0 0 0 1 0 0 0 0 0 0 1 
0 0 0 0 0 0 0 0 0 0 0 0 1 1 0 0 0 0 0 1 
0 0 0 0 0 0 0 0 0 0 0 0 0 1 1 1 1 1 1 1 
0 0 0 0 0 0 0 0 0 0 0 0 0 1 1 1 1 1 1 0 
0 0 0 0 0 0 0 0 0 0 0 0 0 1 1 1 1 1 1 0 
0 0 0 0 0 0 0 0 0 0 0 0 0 1 1 1 1 1 1 0 
0 0 0 0 0 0 0 0 0 0 0 0 1 1 1 1 1 1 1 0 
0 0 0 0 0 0 0 0 0 0 0 0 1 1 1 1 1 1 1 0 
0 0 0 0 0 0 0 0 0 0 0 1 1 0 0 1 1 1 1 0 
0 0 0 0 0 0 0 0 0 0 0 1 1 0 0 0 0 1 1 0 
0 0 0 0 0 0 0 0 0 0 1 1 1 1 1 0 0 0 1 0 
0 0 0 0 0 0 0 0 0 1 1 0 0 0 1 0 0 0 1 0 
0 0 0 0 0 1 1 1 1 1 1 1 0 0 0 0 0 0 1 0 
0 1 1 1 1 1 0 0 0 0 0 1 1 0 0 0 0 0 1 0 
1 1 0 0 0 0 0 0 0 0 0 0 1 1 0 0 0 0 1 0 
1 1 0 0 0 0 0 0 0 0 0 0 0 0 0 0 0 0 1 0 
0 1 1 1 1 1 1 1 1 1 1 1 1 1 1 1 1 1 1 0 
0 0 1 1 1 1 1 1 1 1 1 1 1 1 1 1 1 1 1 0 
47 마우스
20 20 
0 0 0 0 0 1 1 0 0 0 0 0 0 0 0 0 0 0 0 0 
0 0 0 1 1 0 0 1 1 0 0 0 0 0 1 1 0 0 0 0 
0 0 1 0 0 0 0 0 0 1 1 1 1 1 1 1 1 0 0 0 
0 0 1 0 0 0 0 1 1 1 1 1 0 1 1 1 1 0 0 0 
0 0 1 0 0 0 1 1 1 1 1 1 1 0 1 1 1 1 0 0 
0 0 1 0 0 0 1 1 1 1 1 1 1 0 1 1 1 1 1 0 
0 0 1 0 0 0 1 1 1 1 1 1 1 0 1 1 1 1 1 0 
0 0 1 0 0 0 0 1 1 1 1 1 1 1 1 1 0 0 1 1 
0 0 1 0 0 0 0 1 1 1 1 1 1 0 0 0 0 0 0 1 
0 0 1 1 0 0 0 1 1 1 1 0 0 0 0 0 0 0 0 1 
0 0 0 1 1 0 0 1 0 0 0 0 0 0 0 0 0 0 0 0 
0 0 0 0 1 1 0 1 0 0 0 0 0 0 0 0 0 0 0 0 
0 0 0 0 0 1 0 1 1 0 0 0 0 0 0 0 0 0 0 0 
0 0 0 0 0 1 0 0 1 0 0 0 0 0 0 0 0 0 0 0 
0 0 0 0 0 1 0 0 1 0 0 0 0 0 0 0 0 0 0 0 
0 0 0 0 1 1 0 0 1 0 0 0 0 0 0 0 0 0 0 0 
1 0 0 1 1 0 0 0 1 1 0 0 0 0 0 0 0 0 0 1 
1 0 1 1 0 0 0 0 0 1 0 0 0 0 0 0 0 0 1 1 
1 1 1 0 0 0 0 0 0 0 1 0 0 0 0 0 0 0 1 0 
0 0 0 0 0 0 0 0 0 0 1 1 0 0 0 0 0 1 0 0 
48 디스크
20 20 
1 1 1 1 1 1 1 1 1 1 1 1 1 1 1 1 1 1 1 1 
1 0 1 0 1 1 1 0 1 0 1 1 0 0 1 0 1 1 0 1 
1 0 1 0 1 0 1 0 0 0 1 0 0 0 1 1 0 1 0 1 
1 0 1 0 1 0 1 0 1 0 0 1 1 0 1 1 0 1 0 1 
1 0 1 0 0 1 1 0 1 0 1 0 1 0 1 0 1 1 0 1 
1 0 1 1 1 1 1 1 1 1 1 1 1 1 1 1 1 1 0 1 
1 0 0 0 0 0 0 0 0 0 0 0 0 0 0 0 0 0 0 1 
1 0 0 0 0 0 0 0 0 1 1 0 0 0 0 0 0 0 0 1 
1 0 0 0 0 0 0 0 1 1 1 1 0 0 0 0 0 0 0 1 
1 0 0 0 0 0 0 1 1 1 1 1 1 0 0 0 0 0 0 1 
1 0 0 0 0 0 0 1 1 1 1 1 1 0 0 0 0 0 0 1 
1 0 0 0 0 0 0 0 1 1 1 1 0 0 0 0 0 0 0 1 
1 0 0 0 0 0 0 0 0 1 1 0 0 0 0 0 0 0 0 1 
1 0 0 0 0 0 0 0 0 0 0 0 0 0 0 0 0 0 0 1 
1 0 0 0 0 0 0 0 0 0 0 0 0 0 0 0 0 0 0 1 
1 0 0 0 0 0 0 0 0 1 1 0 0 0 0 0 0 0 0 1 
1 0 0 0 0 0 0 0 0 1 1 0 0 0 0 0 0 0 0 1 
1 0 0 0 0 0 0 0 0 1 1 0 0 0 0 0 0 0 0 1 
1 0 0 0 0 0 0 0 0 0 1 0 0 0 0 0 0 0 0 1 
0 1 1 0 0 0 0 0 0 0 0 0 0 0 0 1 1 1 1 0 
49 생명수
20 20 
0 1 1 1 1 1 1 1 1 0 0 0 0 1 1 1 1 1 1 0 
1 0 0 0 0 0 0 0 1 1 0 0 1 0 0 0 0 0 0 1 
1 1 0 0 1 1 0 0 0 1 1 1 1 0 0 0 1 1 0 1 
1 1 0 0 0 0 0 0 1 1 0 1 1 0 0 0 0 0 0 1 
1 0 1 1 1 1 1 1 0 1 0 1 0 1 1 1 1 1 1 0 
1 0 0 0 1 0 0 0 0 1 0 1 0 0 0 0 0 0 0 0 
1 0 1 1 1 1 1 0 0 1 0 1 0 1 1 1 0 1 1 0 
1 0 0 0 0 0 0 0 0 1 0 1 0 1 0 0 1 1 1 0 
1 0 0 1 1 1 0 0 0 1 0 1 0 1 1 1 0 1 1 0 
1 0 1 0 0 0 1 0 0 1 0 1 0 0 0 0 0 0 0 0 
1 0 0 1 1 1 0 0 0 1 0 1 0 1 1 1 1 0 1 0 
1 0 0 0 0 0 0 0 0 1 0 1 0 1 0 0 1 0 1 0 
1 0 0 0 0 0 1 0 0 1 0 1 0 1 1 1 1 0 1 0 
1 0 1 1 1 1 1 0 0 1 0 1 0 0 0 0 0 0 0 0 
1 0 0 0 0 0 1 0 0 1 0 1 0 0 1 0 1 1 1 0 
1 0 0 1 1 1 0 0 0 1 0 1 0 1 0 1 1 0 1 1 
1 0 1 0 1 0 1 0 0 1 0 1 0 0 1 0 1 0 1 0 
1 0 0 1 1 0 1 0 0 1 0 1 0 1 1 1 1 1 1 0 
1 1 0 0 0 0 0 0 1 1 0 1 1 0 0 0 0 0 0 0 
0 0 1 1 1 1 1 1 0 0 0 0 1 1 1 1 1 1 1 0 
